10000
1073419583
1073242559
1073170180
1072961895
1072852356
1072646200
1072632560
1072349968
1072319014
1072292433
1072186634
1071963986
1071928857
1071920092
1071814468
1071777670
1071755758
1071732676
1071658247
1071597981
1071591014
1071254761
1071152568
1071137511
1071034487
1070982946
1070926024
1070889649
1070729271
1070646095
1070547107
1070462260
1070388518
1070346812
1070282565
1070279715
1070191680
1070165613
1070143262
1069815336
1069707081
1069691664
1069517080
1069491520
1069475049
1069362126
1069041247
1068674711
1068433229
1068406869
1068379359
1068311673
1068187780
1068067929
1068066776
1068006628
1067863741
1067768892
1067677346
1067466240
1067462661
1067458391
1067454398
1067400783
1067380161
1067364067
1067292715
1067263184
1067138537
1066891883
1066890307
1066785530
1066497593
1065724756
1065696372
1065642284
1065483775
1065447049
1065397348
1065369276
1065337382
1065187563
1065067934
1064912271
1064894944
1064870968
1064736779
1064618926
1064589327
1064510140
1064353488
1064302562
1064100668
1064060888
1063907458
1063907163
1063903609
1063801899
1063650899
1063633879
1063550444
1063494909
1063409881
1063146459
1063110523
1062836753
1062722536
1062693281
1062659827
1062642045
1062577905
1062575707
1062439781
1062182711
1062106262
1061902007
1061853728
1061844096
1061764711
1061704095
1061636604
1061567598
1061280246
1061162077
1061127634
1061004573
1060946582
1060752257
1060645066
1060641476
1060466769
1060455993
1060401998
1060350264
1060307891
1059873658
1059818393
1059802279
1059699556
1059570829
1059505889
1059367926
1059156928
1058851509
1058418919
1058248372
1058203833
1058170857
1058165930
1058164333
1058109535
1058082456
1057829291
1057709065
1057549023
1057536318
1057496275
1057418085
1057239066
1057201146
1057183510
1057154907
1057114990
1057067725
1057009126
1056976520
1056833969
1056822222
1056558019
1056292314
1056248834
1055936892
1055896973
1055807587
1055605833
1055592690
1055523476
1055395139
1055198579
1055179584
1055137598
1055059395
1054951370
1054886134
1054876869
1054795300
1054520355
1054411161
1054394196
1054335357
1054242961
1054205198
1054161149
1054127401
1054097145
1053881345
1053703253
1053379011
1053282363
1053250753
1053229747
1053221843
1052837817
1052788278
1052718608
1052706005
1052632393
1052298265
1052195806
1052176656
1052172948
1052167005
1052148209
1052002053
1052000106
1051999463
1051760476
1051618798
1051580124
1051465774
1051176440
1051145118
1051070012
1051052054
1051007869
1051000361
1050986799
1050932894
1050881499
1050812012
1050752597
1050660799
1050546428
1050535649
1050367029
1050364279
1050317430
1050125254
1050015718
1050005336
1049967329
1049957613
1049818664
1049796397
1049597971
1049476973
1049286976
1049221282
1049103518
1049070280
1049032123
1048846307
1048805909
1048760173
1048585797
1048524767
1048511732
1048396762
1047997676
1047939820
1047880798
1047837647
1047828640
1047764602
1047702857
1047554489
1047396162
1047263698
1047102262
1046921584
1046914103
1046558862
1046505915
1046388158
1046363518
1046341788
1046149307
1046099468
1046027644
1045963252
1045864307
1045782036
1045522632
1045437141
1045409893
1045329679
1045229322
1045202354
1045042978
1044852785
1044842449
1044611946
1044454529
1044298014
1044179754
1044014268
1043947236
1043829826
1043703260
1043680377
1043596412
1043564105
1043547256
1043521901
1043208853
1042683780
1042369902
1042354145
1042326494
1042307519
1042287932
1042262906
1041943980
1041931099
1041788868
1041732987
1041600506
1041176208
1041104682
1041091555
1040989607
1040874527
1040735182
1040374969
1040319693
1040313080
1040290516
1040238512
1040201941
1040140620
1039984151
1039812792
1039599518
1039576362
1039541977
1039437626
1039214801
1039002803
1038854036
1038657319
1038401723
1038227365
1038143306
1038139708
1037962108
1037883151
1037851910
1037767476
1037592439
1037584470
1037526195
1037490929
1037285496
1037125492
1036894599
1036703129
1036574925
1036370220
1035991369
1035967398
1035957967
1035922830
1035917479
1035916035
1035800526
1035791680
1035489846
1035104619
1035025435
1034973087
1034789226
1034567618
1034540888
1034522518
1034509523
1034277965
1034200699
1034064909
1033404206
1033266025
1033016421
1032923890
1032912588
1032819869
1032766047
1032765460
1032712501
1032684124
1032652973
1032536135
1032515080
1032478635
1032303580
1032232833
1032166232
1031779124
1031641585
1031634210
1031511364
1031359472
1031115929
1031086783
1031010814
1030926663
1030814875
1030783433
1030704253
1030514013
1030436337
1030413458
1030330169
1030305587
1030270210
1030269275
1029911371
1029908579
1029614157
1029583025
1029557227
1029540937
1029446718
1029388927
1029102332
1028781849
1028713055
1028651494
1028625661
1028576224
1028292237
1028269909
1028243580
1028227125
1028095462
1027885465
1027630912
1027526062
1027067598
1026993378
1026828306
1026729803
1026628773
1026602759
1026439940
1026414884
1026385267
1026308625
1026292943
1026273941
1026249447
1026243414
1026239359
1026218190
1026214657
1026150795
1025948075
1025739739
1025730145
1025703785
1025148749
1024716124
1024706226
1024695155
1024562417
1024432283
1023771887
1023689004
1023688795
1023502407
1023496704
1023360995
1023199064
1023101164
1022897247
1022797712
1022673019
1022514106
1022480298
1022471387
1022341556
1022063163
1021766455
1021571435
1021107602
1021107087
1021074133
1021025590
1020925747
1020779889
1020675091
1020531602
1020405985
1020325003
1020278081
1020249855
1019981286
1019931480
1019920253
1019908631
1019709754
1019606427
1019296710
1019136803
1018988701
1018857011
1018769481
1018512480
1018268483
1018127685
1018053662
1017991790
1017872275
1017725001
1017671535
1017607793
1017452974
1017341209
1017029179
1016999916
1016995832
1016901287
1016871627
1016864991
1016850758
1016548577
1016482053
1016329734
1016231952
1016196007
1016170662
1016159108
1015991137
1015937022
1015817749
1015754088
1015491161
1015443548
1015381559
1014835732
1014709892
1014599385
1014497187
1014343246
1014281307
1014266433
1014053100
1013673113
1013660653
1013539704
1013539216
1013451301
1013447424
1013333706
1013275358
1013219442
1013106621
1012979377
1012851662
1012624790
1012270924
1012264513
1012205656
1012103137
1011654531
1011646455
1011540926
1011328359
1011303500
1011252527
1011189150
1011186732
1010802588
1010633618
1010437703
1010277611
1010257686
1010152707
1010111140
1010084445
1009931129
1009929250
1009838693
1009766233
1009717436
1009581267
1009158374
1009070797
1008893435
1008844106
1008698869
1008452308
1008339387
1008297438
1008167518
1008100382
1008083597
1008052246
1007961871
1007785378
1007766912
1007748414
1007530135
1007451381
1007422190
1007336489
1007218810
1007157844
1007141043
1007004804
1006818564
1006787212
1006653848
1006609586
1006540497
1006436601
1006435976
1006426683
1006375875
1006306183
1006188127
1006097263
1006031906
1005928850
1005767748
1005724031
1005670025
1005541960
1005477301
1005460979
1005361515
1005307498
1005188353
1005131510
1005106024
1005033982
1004983367
1004671841
1004666696
1004507210
1004407786
1004401091
1004338265
1004248379
1004107194
1004066365
1004047550
1003835472
1003707979
1003691872
1003622082
1003491036
1003428312
1003379779
1003202155
1002938321
1002872404
1002693823
1002659050
1002585421
1002495081
1002383271
1002346949
1002335357
1002002296
1001890377
1001868575
1001840499
1001675095
1001672881
1001649824
1001355300
1001248696
1000944035
1000905895
1000897154
1000872288
1000327682
1000209385
1000028990
999994027
999991630
999989035
999915857
999888061
999864631
999818328
999672684
999624833
999548744
999445762
999353066
999308521
999114101
999087493
998963424
998942790
998916660
998803312
998755029
998750953
998711034
998586876
998474766
998320982
998161245
997912490
997427500
997418207
997394781
997137068
997021638
996943875
996779876
996773656
996659965
996467080
996419217
996387092
996228411
996091927
995963122
995681363
995519713
995510677
995437150
995327218
995313338
995286193
995202498
995130430
995065666
995024600
995007329
994963975
994847816
994759256
994650035
994366279
994198916
994179463
994154466
994088333
993729500
993444148
993232780
993229600
993216973
993171322
993112507
992813595
992518513
992433645
992292571
992241428
992194339
992109390
992083624
991933652
991927164
991661253
991562980
991221151
990823007
990768705
990649074
990642922
990606224
990582052
990539492
990527438
990444362
990346358
990272429
990200971
990095375
990093613
990092420
989961488
989960965
989954248
989610487
989473589
989366637
989259655
989073039
988936768
988802931
988789952
988727711
988401223
988341035
988174728
987999397
987877839
987852328
987721421
987676201
987496262
987259583
987100504
987096342
987067039
986997175
986933857
986899804
986775030
986668666
986564889
986517531
986499431
986383877
986225063
986219117
986184548
986174882
985811054
985707803
985666898
985237562
985131499
985125253
985106271
985089706
985016870
984834630
984517811
984497733
984013237
983885324
983809591
983698256
983275708
983117045
983010211
982903889
982885897
982707142
982575730
982471113
982418824
982320735
982319942
982300261
982256794
982205613
982166343
981982674
981930802
981765349
981676304
981585252
981514854
981475883
981469810
981383259
981230361
981171911
981138211
981021526
980821883
980787512
980659431
980527224
980484152
980187269
980160745
980100629
980059250
979852245
979851818
979777756
979777668
979620564
979572358
979406008
979361572
979314015
979240162
979238790
979214626
979182998
979113211
979063567
978894092
978788927
978788879
978700056
978671615
978548993
978526223
978515421
978505983
978492084
978391119
978235667
978212286
978131293
978036559
977896777
977875957
977644002
977604982
977573160
977519733
977064429
977026431
976948928
976865416
976840877
976786980
976607220
976481695
976474693
976401490
976245776
975994421
975909657
975837270
975829788
975820928
975760069
975758985
975650638
975583138
975569496
975222590
975084516
975001891
974926256
974803230
974723671
974482008
974412492
974303994
974289309
974200415
973877671
973851700
973743054
973632843
973440042
973414654
973396453
973318699
973267334
973210432
973165329
972872969
972652894
972645847
972530976
972393717
972363040
972111893
972045744
971821714
971781287
971761346
971576818
971291055
971261589
971246635
971242584
971022280
971018645
970931118
970500185
970324064
970306373
970149515
970146432
969869223
969787882
969477627
969461491
969245997
969242861
968947839
968902771
968857390
968783234
968593584
968383560
968259427
968143464
968121570
967825188
967812221
967604771
967473653
967456012
967455965
967282947
967173763
967111841
967104595
967027583
966861043
966619760
966541852
966434670
966089241
966074733
966061522
965874225
965818287
965794065
965541338
965472886
965265766
965265498
965248088
965095143
965006460
964956357
964946524
964662439
964586120
964509916
964331236
964125988
964116071
964096798
963993411
963531525
963507507
963371725
963351838
963091722
963068717
963026080
963015859
962914629
962892833
962877356
962779876
962668679
962667509
962637342
962636930
962524373
962472200
962464128
962339778
962084293
961944444
961871146
961823438
961697807
961645678
961628467
961605920
961591096
961580624
961514290
961407345
961389709
961273798
961164134
960930030
960886903
960885966
960693982
960693408
960656981
960625780
960601137
960516035
960477291
960313463
960174182
960116131
960084008
960044178
959988458
959954710
959733729
959684876
959093126
959092736
958783265
958778938
958740902
958687431
958373854
958207082
958198125
957929591
957902025
957489546
957340864
957330473
957292487
957238229
957067887
956667481
956512792
956475474
956441346
956375360
956233716
956206161
955943911
955906773
955778979
955691974
955680820
955598677
955550581
955507777
955312478
955154468
955006538
954988126
954839133
954837591
954699245
954603672
954480832
954243586
954184012
954127505
954011691
953954501
953911950
953871703
953803212
953629732
953581838
953569806
953563567
953396764
953346586
953071976
952898383
952804420
952779349
952751597
952647823
952513755
952462030
952104833
951900395
951852463
951776680
951738574
951731416
951629499
951617344
951498201
951490700
951471954
951365523
951355907
951238768
950964128
950917934
950638882
950487542
950381986
950342943
950310406
950295182
950256659
950112030
949981983
949942711
949942207
949893260
949834810
949824093
949824067
949708486
949676221
949666351
949612360
949581871
949569169
949550849
949533913
949394587
949381996
948999151
948790656
948488213
948346592
948261315
948161568
948158731
948128216
948015484
947992713
947929777
947818740
947615094
947558727
947498940
947406263
947397925
947392542
947313105
947287556
947282837
947219764
947115358
946582334
946488016
946482032
946432263
946393634
946247981
946214761
945980037
945851724
945810301
945760645
945632798
945419682
945261160
945216173
945081129
944985649
944936565
944608289
944528769
944420654
944365069
944343777
944280271
943870306
943762867
943716398
943636599
943539114
943273333
943212291
942899938
942822161
942780290
942771510
942650157
942551740
942359033
942109636
942105818
941996725
941969273
941775918
941753408
941676366
941565910
941239712
941134628
941061596
940960882
940843390
940816225
940768982
940568817
940462019
940326955
940132260
939997184
939937239
939863450
939594604
939580490
939497031
939446611
939389076
938357741
938329148
938295492
938015666
937994418
937942883
937844486
937808716
937779715
937747145
937607964
937557550
937469056
937432264
937360046
937261228
937260548
937244507
937222622
937077268
937041922
936965261
936960526
936870976
936782912
936760147
936725139
936690519
936518397
936192091
936174317
936037518
935977287
935529732
935513882
935487967
935410351
935309025
935298024
935267642
935259116
935220899
935152550
935130820
935096903
934992153
934786197
934783124
934712165
934709232
934661627
934423157
934318616
934313541
934294144
934203683
934121858
933984402
933705520
933680246
933537388
933425166
933397956
933221291
932827421
932718776
932626953
932519857
932501706
932260324
931972826
931868699
931817645
931646852
931253393
931224451
931208011
931137135
931087969
931072951
931004135
930753898
930681871
930578323
930522604
930480902
930442934
930371877
930314904
930060818
930059956
929452582
929228757
929190951
929071363
928984953
928929421
928838729
928769006
928747798
928631244
928630429
928511101
928302137
928273217
928213833
928035332
927997481
927897795
927719382
927655701
927320788
927273151
927108483
926996408
926992737
926952763
926632902
926180594
925859585
925759680
925629445
925491150
925379825
925341519
925062347
924941840
924900753
924857809
924783711
924458102
924261392
924247646
924104853
924083248
923871121
923580679
923335880
923335627
923320542
923287003
923285059
923104200
922984973
922943686
922915584
922783787
922679750
922617728
922533096
922530592
922367671
922305071
922276651
922258214
922248178
922199177
922162721
922035724
921814149
921760591
921605887
921531140
921371259
921274949
920917928
920879047
920772300
920531301
920528934
920505623
920467947
920393368
920355397
920306753
920207521
920104040
920011962
919726374
919672076
919667042
919574528
919555036
919289252
919141323
918974168
918917555
918837732
918791243
918678933
918633265
918569569
918539726
918476526
918388084
918123391
918112637
918086938
918068873
917880180
917869034
917722763
917613623
917543820
917413423
917349761
917264844
917152903
917135297
916928886
916876561
916609847
916581768
916508071
916454263
916144397
915967684
915930883
915716034
915628635
915623599
915550382
915409458
915284131
915255020
915251331
915231546
915211017
915194175
915135597
914848857
914732953
914722935
914719293
914664214
914399694
914300764
914282224
914251926
914164943
914068822
913981859
913866500
913719052
913660828
913590051
913491595
913416408
913387838
913340835
913248208
913246632
912879909
912753883
912692013
912308247
912198371
912185964
912094955
912019595
911845973
911795080
911518103
911490484
911485812
911480486
911464402
911412188
911410763
911335329
911074037
911050421
910936954
910875213
910787316
910738448
910648724
910454671
910435779
910281587
910033245
909884146
909766053
909699045
909687888
909577628
909575326
909549303
909543851
909520784
909374176
909264016
909150484
909040709
909039463
909039376
909017329
908735095
908501968
908451942
908368996
908293018
908041752
907793613
907739472
907642462
907516135
907513041
907397050
907334791
907086044
906857556
906611930
906496879
906350020
906266130
906052371
906044221
905998783
905971560
905845088
905572202
905429892
905358798
905341005
905283639
905166430
905149083
905146667
904968279
904898740
904747222
904725402
904686240
904636787
904447458
904393754
904189741
904152589
904084863
904026625
904019419
903877434
903854165
903800060
903766435
903723067
903670033
903522430
903510006
903312154
903307974
903292515
902998772
902729836
902711787
902581305
902538580
902451688
902398089
902315849
902116173
902084442
902015422
901888640
901757277
901694241
901530338
901407389
901319389
901280610
901134385
901112169
901070824
900911163
900845277
900743636
900729681
900655812
900631233
900501276
900461925
900365348
900320727
900317739
900277202
900121000
900109298
900083277
900083185
900012563
899622139
899392587
899236939
899156081
899053867
899027552
898845002
898662961
898499891
898028489
898010073
897944939
897869559
897674890
897566490
897512995
897425451
897398687
897385408
897227318
896844878
896599099
896517901
896341763
896180182
896118375
895828513
895825491
895509904
895360614
895037171
894957405
894856359
894769950
894741048
894520928
894403782
894402123
894399936
894319397
894305684
894212036
894074890
893987464
893824051
893800751
893723631
893645599
893516755
893484588
893430096
893158321
893010104
892929366
892916066
892800702
892780471
892766009
892731654
892378614
892241778
892198805
892032674
892017235
891928353
891631196
891579651
891439218
891333269
891305437
890665662
890637331
890607627
890553726
890526168
890111505
890048595
889991214
889809563
889694118
889691968
889592721
889511214
889409900
889289961
889245494
889137192
889024122
888874436
888709046
888664331
888596028
888543613
888502817
888489676
888401533
888296429
888137411
888075292
888057149
887960538
887945992
887904008
887864306
887858396
887808612
887734488
887560600
887475887
887380542
887356336
887335613
887074502
886994722
886929723
886895513
886870535
886580137
886572684
886469238
886422817
886219163
886033007
885807366
885789265
885703465
885680712
885548475
885444841
885394292
885227032
885226939
885128117
885103882
885039072
885032824
885006288
885005024
884844775
884806411
884719082
884704351
884666065
884519968
883901001
883823779
883657329
883275516
883275279
883141316
883127465
882932624
882818906
882798283
882712139
882688185
882640979
882553700
882549491
882520787
882481980
882071171
881612821
881542243
881525717
881316941
881273650
881240672
881197266
880761252
880686538
880685082
880678099
880233021
880212799
880182221
879994798
879868109
879456238
879418802
879367897
879234439
879062719
878860128
878850032
878696962
878394680
878235353
878221098
878191797
878161858
878154356
878064702
878052787
877919150
877831174
877603640
877574913
877436621
877405448
877116255
876997707
876686109
876612262
876522493
876469861
876405749
876251725
876199591
876197705
876186460
876180198
876063430
875933804
875834963
875815740
875698494
875660974
875605126
875417844
875322655
874953242
874941832
874901326
874829041
874827306
874726083
874723521
874605165
874585892
874450986
874411985
874387653
874364065
874190972
874167435
874123928
873974715
873846416
873291197
873213814
872996102
872705530
872623498
872523714
872278110
872201447
871983444
871941325
871905786
871875590
871803627
871753372
871695375
871487724
871419989
871388600
871365318
871259202
871134389
871104984
870948741
870567625
870451099
870356724
870347268
870329628
870306067
870239852
870234126
870096300
870092929
870092596
869963117
869918114
869617090
869367519
869347675
869308729
869250871
868930350
868927540
868912391
868828064
868615334
868527426
868431973
868332093
868236745
868218640
868083847
868030531
867945850
867944069
867700490
867601089
867587795
867537526
867340204
867273083
867137519
867089620
866889209
866732364
866692651
866635567
866578394
866497121
866469386
866408471
866387139
866144155
866097021
865713236
865669299
865577907
865511486
865444515
865380325
865347911
865267894
865214878
865048673
865013032
864979876
864959622
864719947
864325730
864308436
864296017
864206472
864000464
863894079
863866212
863750166
863624215
863566077
863100670
863060320
862897374
862769339
862579880
862524696
862392607
862170218
862135081
861604861
861591130
861516876
861143269
861141549
861094186
860959827
860926782
860746696
860724652
860720257
860641417
860479599
860461731
860429083
860321509
859845959
859809505
859805800
859421394
859349949
859257503
859186203
859119194
858999410
858924167
858766930
858705047
858633559
858573376
858573235
858416522
858258881
858047692
858021197
858002913
857998393
857950650
857933484
857716214
857658658
857595639
857521412
857451205
857367459
857307607
857238539
857056869
856985084
856970063
856963508
856864213
856778061
856747587
856660619
856503011
856447582
856133009
855838209
855810121
855695426
855655489
855561568
855557455
855418619
855398477
855330090
855327070
855243755
855020720
854898813
854867895
854865353
854847968
854598324
854283134
854259972
854178264
854154841
854152317
853829539
853774513
853659766
853621587
853463361
853424451
853415415
853115771
853079915
853001797
852773167
852712806
852554460
852524313
852488958
852322106
852100149
852065084
851916931
851608302
851555364
851539227
851528205
851398111
851309943
851254460
851224361
851059833
851037873
850981328
850941406
850924022
850897823
850623130
850413749
850406762
850340243
850248370
850075916
849947518
849917091
849818051
849757893
849679137
848927871
848806224
848685675
848632014
848582843
848443777
848181250
847738844
847721398
847564975
847469010
847413778
847185913
846891013
846847296
846699780
846636023
846472480
846397501
846310442
846301360
845986279
845924338
845921516
845835349
845694577
845462519
845379039
845322319
845300186
845162522
845112178
845102585
845058145
844948713
844912936
844704542
844582874
844491386
844477585
844470787
844379514
844186930
844051528
844042076
843971252
843893861
843816540
843544706
843490046
843439083
843244213
843147890
843032468
843006012
842960985
842956240
842757079
842691477
842659928
842498470
842461779
842373297
842337518
842232726
842171679
842156654
841922433
841754755
841701890
841655430
841573427
841516318
840751658
840701167
840667717
840661699
840623972
840585517
840443310
840218730
840085979
840035006
839878735
839844385
839650028
839287321
839230260
839226313
839104179
839094617
838879431
838763968
838591726
838518092
838335462
838132310
838127199
838044475
837755096
837742832
837681825
837666569
837606170
837483221
837414245
837357749
837096466
837071847
837051281
837009512
836933983
836273173
836240318
836163603
836104599
836047056
835926907
835531903
835339161
835320784
835139825
834968746
834841933
834632184
834586545
834559746
834538159
834487907
834443211
834209886
834099544
833927881
833877265
833865176
833574804
833543145
833515075
833449840
833339342
833310188
833072169
833001393
832933464
832930030
832883481
832839716
832685389
832682137
832597604
832477560
832405697
832267388
832002718
831984543
831933309
831866972
831584993
831567507
831549740
831488927
831487757
831449182
831430660
830951103
830824392
830727805
830674190
830522306
830455985
830433525
830433308
830332462
830052543
830024567
829950038
829943201
829924595
829821524
829493958
829393437
829329529
829204278
829135336
829037711
829017112
828937328
828870340
828859172
828773333
828735628
828698997
828605239
828557653
828367427
828142662
828125341
828091882
827743710
827731418
827671419
827615258
827564111
827474031
827411331
827389309
827347457
827344275
827246784
827049547
827042756
826955558
826937657
826675153
826669591
826540154
826047622
826042492
825859164
825784093
825657599
825590749
825514065
825502146
825422266
825318383
825250374
825209687
825122477
825053614
824622743
824296626
824190122
824161136
824046844
823980954
823968445
823698876
823681933
823668010
823520795
823478899
823394904
823373445
823291085
823258246
823238089
823109127
822570570
822562904
822349360
822321397
822228477
822201112
822048835
822025060
821971941
821913566
821789885
821574058
821458805
821398358
821369162
821149360
821043936
821033532
820783875
820586152
820561465
820424388
820382371
820244808
820202873
820041095
820016243
819713699
819560145
819484067
819304964
819248261
819055287
819022446
818848897
818770526
818739355
818614914
818552816
818533770
818458441
818138842
817859888
817793023
817642285
817636379
817581128
817499635
817458212
817174074
816847237
816846729
816789257
816682734
816679455
816641753
816583877
816540445
816528791
816410570
816370065
816353229
816070010
815997839
815952686
815763460
815736904
815695706
815631666
815621225
815575505
815555004
815546503
815503804
815494122
815384905
815246919
815238893
815222561
815217398
815199650
815184787
815092366
815056559
814900260
814732617
814480505
814306204
814299416
814189776
814054424
813987895
813865790
813847330
813819802
813617893
813527089
813473603
813424562
813411560
813367727
813343841
813293496
813248325
813189870
812992600
812976623
812947700
812933348
812900609
812594217
812516365
812440125
811980848
811890253
811684187
811461593
811455347
811238431
811179923
811050252
810739681
810724987
810385205
810347236
810141488
810139887
809914716
809880682
809820124
809518092
809510802
809494807
809281196
809255963
809229749
809186108
809171228
808537181
808349898
808332056
808287899
808225220
808117170
808017731
807623524
807436218
807368018
807271901
807245398
807213360
807152783
806903386
806644179
806402380
806245574
806142652
806044842
805936185
805909670
805855913
805789701
805700508
805574338
805427837
805226867
805220350
805093043
805079771
804985262
804883485
804849352
804756635
804730452
804631790
804373173
804159544
804104763
804034814
803954675
803898831
803663675
803613468
803457865
803320845
803282909
803116424
803101453
802730290
802696026
802644255
802439617
802354781
802150948
802095480
802087000
802078407
801488556
801322406
801299137
801137049
801106321
801095712
801071258
801058430
801015463
800905640
800890168
800752591
800632806
800549781
800537299
800514983
800406579
800366276
800157048
800085870
800078079
799970642
799941188
799637711
799621617
799401395
799334209
799276201
799243842
799172514
799131885
798959920
798773954
798736789
798603617
798500558
798432062
798378139
798358675
798222858
798126190
798070965
797993428
797911574
797848951
797770170
797531204
797432805
797324894
797115871
797089498
796842195
796841924
796599239
796590617
796527131
796426762
796239283
796216759
796066004
796042051
795940751
795731465
795716446
795600970
795578595
795544665
795492990
795276020
795031469
794945017
794776803
794773910
794711568
794693565
794535400
794396404
794214259
794029884
793809314
793719005
793631350
793550079
793454804
793429790
793278210
793030877
792908712
792878846
792864694
792673778
792622710
792593682
792512628
792395225
792342064
792052413
791849994
791643173
791480091
791408729
791401560
791216923
791141458
791089584
790880717
790876315
790848305
790602633
790434728
790215144
790115115
790012086
789951443
789815650
789751805
789686324
789681178
789455419
789200044
789121947
789015730
788906278
788820321
788675071
788436636
788422548
788164986
788085196
788073639
788031996
788007160
787927743
787835859
787759716
787714488
787691231
787691155
787687893
787662218
787641942
787129624
787031612
786929544
786685497
786514886
786387280
786210920
786132536
786086433
785973624
785959387
785885712
785635435
785577173
785512999
785503747
785492655
785395777
785370927
785162374
785036132
785007961
785001055
784595796
784239033
784169705
784152627
784109952
783938355
783517300
783419028
783391635
783127094
782976073
782833403
782800233
782574928
782386600
782327863
782308274
782237824
782220602
782216337
782108148
782027070
781931606
781756896
781728053
781488458
781271048
781208842
781078059
780998602
780924809
780783120
780529550
780463403
780453355
780238432
780217913
780210089
780057729
780000029
779950177
779826682
779779676
779575567
779525439
779462543
779332807
779148360
778894129
778439140
778131271
778105357
778016512
777963685
777793297
777579502
777537028
777383153
777315494
777313910
777256877
777228817
777073583
776972111
776954220
776900060
776626164
776542492
776488772
776463942
776400686
776397212
776305906
776274671
776255852
776144185
776111575
776013674
775850880
775781849
775683485
775656273
775582002
775549907
775538821
775388581
775317308
775305412
775140265
774994248
774943763
774467183
774119855
773970763
773964350
773886805
773801505
773756137
773556290
773411941
773340675
773180951
773082435
773017339
773003394
772854742
772661352
772548432
772297423
772182135
772059403
772011154
771997240
771920570
771884191
771826133
771802384
771655883
771645222
771208195
771017104
770991936
770781462
770751109
770732579
770686924
770492288
770368509
770231114
770222688
770113138
770091413
769961367
769889957
769870198
769869971
769724195
769670156
769530488
769506867
769431405
769273071
768714654
768220588
768214825
768185911
768116014
767884841
767862564
767828037
767585149
767459064
767376708
767345912
766811288
766808799
766750143
766656470
766534289
766399455
766327093
766183827
765985803
765807392
765721787
765576853
765567925
765554822
765488727
765429370
764893341
764831422
764798278
764678825
764638266
764565383
764123807
764092517
764046901
764022331
763892854
763801100
763342219
763336472
763176763
763150031
763110751
762975559
762885187
762824047
762753694
762751370
762646154
762634772
762577664
762269891
762063073
761976206
761929399
761894033
761892516
761875918
761795946
761782405
761655993
761489303
761464711
761375882
761235558
761227551
761145596
761105257
760973622
760584515
760396116
760364344
760284479
760269363
760250849
760245511
760237734
760233601
760046997
759909682
759659679
759653865
759603590
759577235
759360287
759254474
758884412
758828522
758535456
758519826
758318379
758221135
758200486
758128508
758108072
758071483
758018465
757984680
757920352
757876571
757761389
757647674
757558321
757541725
757513578
757498914
756997762
756884728
756861339
756847349
756613849
756457655
756443487
756332096
756096313
756021765
755997855
755810999
755781400
755691325
755508182
755470325
755463495
755425386
755404546
755377374
755217960
755156005
755031852
755007205
754931313
754604816
754576632
754511028
754509915
754415428
754390920
754084390
754048786
753971842
753897560
753844456
753796359
753643715
753309237
753300243
753116901
753022280
752964722
752709811
752661089
752635915
752623211
752621622
752438986
752401968
752388416
752317386
752217022
752117367
752036727
751922966
751754511
751621128
751601250
751350737
751287126
751157170
750994654
750984230
750850484
750765200
750498865
750474099
750374979
750277068
750248165
750147535
750132726
749939471
749844237
749773823
749414197
749262683
749090817
749074655
748999506
748908901
748674944
748550941
748527137
748321159
748164537
747988939
747916044
747898102
747851619
747830492
747531949
747281660
747279329
747262310
747074373
746902891
746761430
746711287
746620812
746595244
746581545
746541762
746304125
746015580
745899716
745834210
745752409
745688168
745666898
745613393
745539467
745383844
745375723
745118609
745101305
745048177
745017133
744934861
744568402
744490522
744484956
744391461
744273591
744157406
743645002
743637152
743513911
743340051
743194247
742848581
742787977
742786457
742729524
742688003
742667981
742518554
742368559
742279151
742198416
742013096
741831829
741831765
741770245
741688031
741622845
741618220
741417388
741390963
741186778
740944297
740940045
740929780
740909268
740890026
740733622
740686184
740636275
740478623
740454975
740430253
740192183
740179811
740164715
740119916
739911569
739889315
739695911
739505048
739375930
739271649
739244078
739217291
739022383
738851205
738721149
738672212
738644031
738628167
738601167
738341650
738260961
738241370
738016355
737809995
737516787
737476526
737418059
737368590
737366909
737342457
736963333
736932871
736840671
736740605
736725431
736701884
736666832
736480410
736455134
736110151
735272501
735148777
735001385
734953506
734852739
734747389
734680377
734674831
734668847
734615901
734513427
734406122
734093499
734078204
734058310
734050354
734038274
734004642
733968380
733897423
733585665
733553566
733380654
733308161
733305427
733283975
733017377
732955974
732930504
732855190
732842215
732770165
732724190
732697988
732646955
732162956
732042549
731932501
731417906
731150440
730880949
730871342
730613873
730538853
730329882
730283277
730204303
730175628
729831136
729809906
729785396
729760046
729705294
729696809
729686030
729207786
728950188
728752642
728717044
728687014
728545710
728427767
728365475
728059668
727890670
727836887
727829529
727826092
727787817
727776167
727552880
727474981
727465267
727435375
727253526
727213496
727069744
727049878
727017491
726752880
726670828
726593785
726535044
726310151
726172657
726163622
726157967
725935377
725850476
725749208
725713047
725699613
725661743
725483186
725452656
725340754
725034761
724945905
724893181
724799635
724622253
724520755
724504578
724474483
724444573
724335018
724200262
724199550
724193143
724054141
723903817
723819234
723698278
723625398
723620685
723325874
723216429
723215083
723187217
723180178
723089561
723063137
723050078
722905702
722705212
722688415
722668621
722649580
722630848
722622021
722552278
722385469
722383077
722313619
722215765
722147488
722102366
721855987
721693868
721654201
721246990
721153621
721007580
721004003
720945606
720851857
720824759
720738439
720418017
720404077
720377320
720200462
720115736
720083159
719956192
719922186
719852929
719615651
719534220
719431660
719349127
719273719
719196098
719037308
718816868
718789325
718508318
718487969
718335278
718236031
718162128
718149337
718066922
717992907
717507243
717450573
717307217
717187038
717157005
717139770
716823998
716669404
716658059
716606757
716580208
716524936
716517310
716495679
716416625
716312834
716178645
716176789
716176292
716053161
715969802
715915627
715864707
715589667
715116800
715068717
714925972
714762451
714615154
714562451
714502996
714376662
714278292
714040339
714022235
713987409
713961166
713782122
713729018
713368577
713348893
713298130
713181364
713174773
713001925
712836808
712740301
712718530
712546428
712498880
712473086
712136915
712110027
712026634
712006476
712000854
711994674
711876749
711723675
711666205
711640605
711636981
711599377
711411660
711350073
711310141
711113843
711014268
711004209
710995016
710961485
710861479
710373063
710211730
709907025
709695658
709575243
709377330
709335308
709304616
709253649
708971756
708869857
708863596
708647333
708567534
708498780
708323774
708215098
708000358
707936311
707928603
707795805
707714290
707511017
707360000
707270017
707193978
707058404
706723883
706557316
706506952
706260658
706188430
705966752
705775877
705519590
705429111
705411160
705386366
705173762
705104656
705016674
704968709
704966850
704798765
704785077
704697032
704254625
704237527
704038239
704020314
703979523
703831264
703772332
703645877
703484729
703441623
703312238
703251191
703244741
703209069
703134992
702764423
702583232
702281984
701986720
701952603
701921494
701754117
701376268
701011494
700793499
700724194
700672216
700542204
700382855
700358034
700226356
700102809
700079355
700062813
699746469
699689991
699647523
699535745
699518251
699459258
699385200
699203403
699143493
699097315
699081101
698976195
698840705
698506339
698493832
698293128
698055727
697919244
697753187
697693597
697441203
697251291
696956551
696818962
696746568
696510185
696380388
696171252
696082759
695947184
695847079
695728099
695711925
695493451
695492946
695480790
695477089
695443986
695299654
695204591
694987874
694977277
694947479
694935392
694700364
694449483
694281072
694102721
693708096
693549439
693315326
693209709
693166684
693017383
692991436
692991035
692761437
692751956
692644329
692425143
692292632
692273290
692015621
691894547
691806083
691775972
691495643
691477568
691359503
691340267
691309281
691297398
691230145
690703454
690581287
690279538
690255776
690149509
690082896
689894152
689785882
689550356
689371558
689308105
689189396
688829710
688721511
688613189
688465214
688169794
688090228
687995278
687938129
687892290
687884364
687843037
687841544
687772385
687643395
687465690
687438612
687255609
687167301
687088966
687080111
686894656
686876920
686811065
686787135
686720246
686483197
686375325
686189550
685874285
685783100
685690290
685146666
685126138
684812428
684723206
684718462
684554589
684449661
684432521
684386579
684166806
684162490
684075526
684019144
683983087
683798418
683717852
683522083
683337214
683319493
683251554
683233029
683171191
683082284
682909094
682833951
682829441
682776693
682776074
682744519
682716761
682458980
682295471
682159852
681888457
681876843
681811461
681766515
681716447
681716244
681701158
681605078
681407495
681366921
681282448
681146234
681064258
680951293
680887016
680622535
680350731
680038628
679991737
679991306
679965381
679891827
679689911
679346226
679343692
679328300
679315783
679232661
679183201
679081517
678954871
678928756
678894387
678708744
678646222
678513897
678401797
678295686
678222448
678040096
677839233
677715345
677686859
677200560
677190791
676785094
676731870
676539280
676452513
676437363
676409525
676371520
676218341
676184025
676039106
675972435
675939523
675937053
675932689
675887707
675768444
675719740
675637105
675548929
675409852
675300482
674918880
674695310
674568263
674565161
674524318
674484205
674321418
673696701
673601185
673564169
673310800
673261094
673090886
673059313
672843999
672555239
672532053
672478974
672304446
672134277
672027878
672000318
671968513
671890967
671845038
671736599
671716669
671290291
671191394
671008683
670846555
670809541
670805137
670720557
670642297
670606052
670580948
670557424
670532757
670507145
670474021
670432270
670172663
670142378
670109055
669754579
669722241
669710124
669500174
669451677
669339146
669316869
669194830
669179329
668983065
668730503
668678399
668464331
668300863
668288813
668287268
668270830
668165149
668077691
668057118
667823651
667791590
667536738
667277008
667276234
667205619
667133889
667045651
666545977
666460747
666337060
666327702
666325408
666291182
666215539
666108206
666101958
666015369
665826509
665621516
665541180
665330143
665147298
664737631
664723749
664714073
664625477
664512026
664424282
664365950
664343926
664260777
664167794
664048093
663617389
663447885
663415306
663393564
663165990
662678108
662665968
662282714
662264331
662115116
662111108
661998584
661834699
661629123
661552173
661526736
661511899
661439174
661325153
661146899
660999985
660867473
660788458
660729624
660700750
660691824
660655925
660557948
660515487
660500171
660420936
660060268
659941932
659861311
659776544
659733883
659696208
659627028
659434311
659410349
659376753
659169088
659166443
659126905
658980881
658740423
658592371
658435608
658422209
658271831
658125843
658035950
657502418
657480671
657433732
657312682
657255949
657083114
657016622
656981046
656761953
656637216
656590165
656464655
656418405
656261919
656239354
656079271
655763684
655683476
655440761
655373252
655355857
655224926
655173980
655136942
654953608
654944197
654830161
654817922
654808539
654607952
654557504
654464759
654368316
654361959
654272885
654042332
653999607
653977850
653933594
653916265
653876960
653864043
653838143
653776841
653725771
653661848
653483886
652991272
652934118
652769648
652715709
652666412
652665883
652658082
652609169
652523044
652408220
652317405
652230926
652071084
651899854
651890363
651853338
651635149
651614596
651548281
651444348
651405746
651372544
651244274
651215188
651184416
650889937
650690815
650317693
650218181
649743781
649691481
649550465
649541751
649515482
649495630
649473906
649395985
649374168
649355797
649336367
649095350
649058715
648976223
648791946
648617871
648576920
648163152
648043764
648043387
647888431
647651570
647639756
647592461
647500863
647449422
647368808
647337345
647266555
647209708
647197861
647147091
647144372
647121755
646877785
646870294
646862401
646627790
646572149
646564431
646475814
646282986
646280964
646230469
646177687
646154836
646129815
646125187
646078210
645823317
645481763
645377525
645320650
645075683
644848919
644721534
644623934
644462599
644333243
644141086
644001216
643710048
643553094
643512117
643449977
643227852
643207812
643161476
643056216
642970906
642935890
642863513
642649650
642582127
641984237
641958551
641903012
641892569
641874658
641742874
641546788
641480460
641443082
641440731
641350398
641300672
641092520
640907200
640649947
640624602
640590406
640254431
640122191
640075399
639954102
639941998
639860292
639835802
639791902
639709955
639679196
639515850
639436690
639434015
638994292
638773266
638527999
638397970
638207914
638178325
638087905
637927190
637783046
637552478
637430558
637267377
636979251
636664525
636656581
636608620
636509269
636369602
636358118
636299320
636284758
636198897
636173846
636140744
635938412
635734513
635533902
635363590
635100844
635099033
635065667
634922449
634915688
634839793
634767992
634747678
634632035
634472581
634448251
634185359
634132006
634001584
633847041
633683138
633656534
633649092
633598453
633512909
633276798
633064311
632778867
632768171
632491462
632390731
632249001
632217633
632075019
631939069
631889544
631557138
631499481
631466899
631332437
631322512
631302842
631283352
631078160
630903790
630685374
630496642
630457066
630427541
630337579
630018354
629931915
629150078
629128798
629091279
629080788
628950854
628902236
628883614
628749911
628698333
628663618
628543379
628401642
628357524
628350269
628249890
628108199
627816799
627728132
627646123
627641925
627483773
627434728
627314768
627308756
627291014
627251155
627103027
627094250
627025926
627014212
627006479
626974505
626824945
626761598
626555733
626294383
626108800
626013194
625934158
625793282
625671006
625582032
625567157
625556988
625503832
625499440
625380380
625312541
624778208
624567059
624460693
624446924
624367670
624250697
624218941
624186822
624182178
624087876
623843814
623794538
623756780
623476597
623294009
622914462
622836564
622792577
622683489
622620984
622453605
622445303
622399791
622307931
622272165
622139739
621985049
621965516
621962446
621940795
621691953
621647720
621526663
621494282
621297657
621287502
621171724
621024046
620736142
620556244
620545305
620488211
620476254
620192090
620079988
620067503
619981420
619957746
619782488
619702722
619585062
619579752
619566005
619516407
619480268
619476624
619446685
619446611
619424246
619420210
619357721
619276021
619200657
619046053
619037801
619017029
618772253
618622975
618513399
618427494
617909860
617712858
617678482
617665067
617416203
617283046
617090623
617090341
617079069
616914912
616788427
616739714
616716785
616578986
616527635
616450958
616428765
616329918
616210390
616207607
616181629
616035865
615725433
615682796
615598801
615420241
615377543
615372739
615329549
615328271
615322657
615306324
615084373
614935950
614777341
614497652
614388643
613937290
613905458
613831538
613368169
613295906
613032728
612736543
612655698
612636509
612426242
612147123
611961304
611888956
611842951
611627362
611502901
611432833
611354755
611233133
611036878
611011150
610994089
610967828
610943172
610926196
610873326
610859277
610634575
610612121
610576432
610549557
610102212
609967590
609902986
609827776
609759455
609696881
609690163
609671765
609649916
609604896
609593066
609563073
609561881
609494448
609479489
609400152
609232845
609157738
608787183
608700999
608498081
608412500
608354417
608301581
608246333
608115275
608073399
607883782
607874919
607858257
607750428
607684374
607471523
607388405
607345810
607216828
607204623
607169550
606911379
606897565
606819219
606621758
606563483
606535318
606028538
605997675
605949742
605880622
605873382
605750602
605486817
605406038
605375562
605236869
604912226
604649087
604646900
604645681
604437662
604380196
604226735
604044563
603997350
603752395
603749163
603649351
603419201
603334669
603236447
603125605
603119656
603055643
603021490
602985337
602907026
602861499
602814515
602723678
602344495
602283121
602269580
602157152
601368805
601076502
601008238
600955278
600660063
600659149
600577814
600453105
600424892
600300669
600118574
599991441
599847265
599831705
599775385
599710535
599687534
599376428
599242767
599078594
599077290
599063983
599003164
598898061
598766343
598639377
598459007
598320944
598168514
598105917
597921808
597677902
597551218
597475528
597244771
597215921
597096660
596980325
596827601
596646100
596490365
596480369
596345300
596173651
595991302
595988935
595693222
595680123
595522320
595408213
595398528
595337265
595320091
595318411
595312068
595227185
595215356
595082028
595034821
594978480
594976395
594728905
594720922
594622127
594356977
594256761
594152748
593997516
593809007
593661131
593483863
593482492
593361897
593167973
593083030
593075962
592821035
592722830
592644146
592603648
592572256
592327595
592305348
592235201
592178841
592123495
592071168
591928968
591928113
591874520
591704282
591547387
591521499
591513743
591474218
591423445
591344033
591190070
591167419
591102613
591037094
590900523
590768430
590768287
590706845
590648645
590498453
590468738
590406120
590196108
590080990
590063317
589979197
589893909
589849985
589607699
589576911
589551742
589425756
589207722
589115727
589088001
588910162
588885792
588870517
588824397
588759981
588644866
588485068
588254563
588189604
588152934
587647148
587539700
587508319
587440648
587429257
587299552
587296329
587092216
586826789
586821926
586714951
586697668
586632888
586569209
586238039
586187108
586130508
585922140
585869407
585725740
585710029
585505811
585417272
585401588
584946457
584835319
584766557
584659084
584479137
584317766
584110235
584037601
583919761
583821346
583662760
583656268
583545872
583483761
583476790
583350741
582993879
582965335
582964931
582927505
582786504
582767044
582609814
582449339
582240865
582159881
582157050
582111595
581873382
581845601
581819042
581719247
581707180
581175334
581011489
580906528
580784769
580669963
580497123
580160996
580160595
580074326
580052263
579982600
579970084
579870913
579455358
579240822
578882183
578850680
578496254
578422639
578398841
578338360
578208295
577800633
577763149
577255453
577180813
577179580
577066556
577037733
577027017
577006676
576988362
576842497
576782340
576725001
576512364
576426762
576418797
576314085
576009453
575846344
575760073
575721450
575676071
575648442
575632487
575499399
575485826
575463097
575304894
575220625
575180308
575161917
574977918
574917249
574876764
574848345
574627048
574597552
574528401
574491906
574484918
574434011
574329268
574214694
574201077
574158870
574005212
573983800
573960177
573856491
573790331
573771398
573357578
573231024
573066973
573001557
572928473
572864456
572752405
572659933
572612144
572521485
572416562
572075971
571971529
571940975
571922351
571822914
571803700
571706696
571581740
571444486
571438294
571340825
571277955
571254967
571052016
570742995
570651646
570491881
570407523
570394101
570287105
570085905
570039950
569978560
569833566
569815062
569384989
569185733
568885812
568709419
568662180
568656357
568540276
568452613
568371940
568202337
568158776
567906347
567828374
567808551
567782724
567721932
567655441
567623995
567575834
567542799
567524827
567507120
567497169
567333757
567222786
567010019
566979487
566905346
566836769
566669259
566629808
566475172
566351992
566334487
566300935
565803732
565618820
565434613
565364579
565360772
564981648
564506403
564359836
564342083
564313114
564309654
564138242
564087246
564025985
564014441
563869754
563705065
563700714
563540842
563305091
563302318
563165384
563088692
563020154
562940430
562929479
562849668
562628071
562571873
562436402
562396191
562309152
562173173
561973257
561812237
561713830
561691137
561674203
561641038
561615713
561477691
561475161
561282323
560911268
560828636
560810116
560537393
560497944
560258348
559902837
559580589
559564315
559304010
559141393
559125136
559101071
559087011
558957799
558838790
558571666
558489088
558360723
558293489
558136695
558130536
557984793
557692919
557640835
557568238
557497052
557348122
557049394
556932573
556885670
556840890
556672039
556661446
556467792
556441120
556270392
556163939
556122695
556057238
555884759
555852964
555840463
555734411
555601858
555318143
555102349
555006198
554992679
554891317
554806886
554728749
554668609
554648952
554646591
554637317
554457952
554447370
554435611
554295862
554283107
554185269
554170880
554130858
553990468
553902745
553696566
553315389
553306305
552997774
552963207
552838905
552445526
552440457
552362702
552359293
552216922
552170197
552047519
551876893
551776848
551756354
551563341
551096051
550737898
550681686
550674716
550373934
550260178
549997430
549897828
549831023
549667433
549656496
549595998
549479476
549404549
549239627
549155455
548865764
548856000
548647525
548636137
548614078
548475717
548456934
548359841
548204733
548078871
548025722
547915425
547879019
547809383
547737439
547684491
547663974
547596889
547501550
547473453
547469388
547351544
547257176
547216670
547155965
547105031
547076367
547028341
546992151
546923637
546906123
546792232
546615468
546478156
546436684
546274460
546261105
546087171
545594982
545579382
545300133
545182739
544942581
544939450
544897554
544448566
544391985
544144703
544027388
543936432
543891876
543737466
543717005
543673417
543589807
543579702
543563193
543283851
543257560
543225718
543219231
543198889
543173375
543039785
543021330
543002217
542974618
542761570
542628009
542243504
542218147
542043980
541683993
541514392
541367273
541330848
541280276
541256246
541244918
541056310
540991097
540944639
540933495
540784680
540756136
540636595
540584418
540569359
540556407
540492964
540411028
540386762
540353193
539964168
539941817
539876446
539851856
539798122
539636996
539633526
539600356
539430446
539402191
539401829
539259442
539042500
538975940
538916846
538858638
538821696
538712427
538697842
538608534
538599192
538502465
538127552
538113074
538054430
538006590
537873550
537868028
537647660
537480608
537446966
537425342
537337560
537302797
537147631
537104249
537101520
536984842
536906257
536900980
536866000
536843738
536504450
536356731
536269547
536261848
536261772
536213034
536075939
535717845
535559046
535436855
535239444
535119609
534999475
534994927
534853376
534581746
534553544
534551515
534450636
534363710
534363529
534216087
534187721
534058299
533957243
533875010
533863506
533856242
533763511
533673511
533601872
533573481
533520430
533459395
533448489
533409672
533238091
533068209
532916322
532713390
532664568
532627801
532590576
532570763
532514999
532407904
532387425
532345072
532210974
532037468
531994282
531974465
531683529
531615974
531552072
531443310
531263897
531184563
530982785
530939440
530915315
530907311
530604141
530313574
530198507
530170640
529858539
529660660
529652969
529528467
529303142
529151344
529102792
529060689
528913767
528879912
528879730
528822619
528791543
528547725
528540043
528511338
528403469
528325362
528228448
528166578
528112176
528019903
527795656
527704790
527555941
527460428
527379112
527348089
527286422
527221507
527099595
527098306
526994922
526926095
526880507
526800869
526488423
526488215
526451601
526438888
526326242
526270136
526243278
526189519
526154388
525960747
525957248
525929062
525786800
525565143
525498023
525449019
525351799
525321588
525278170
525229769
525192451
525179811
525176175
525139823
525125987
525026132
524744515
524583564
524442240
524299757
524178507
524169143
523792032
523784583
523617132
523591958
523587192
523502851
523408403
523337844
523146430
523088118
522975337
522915333
522859237
522804143
522734787
522730043
522603253
522519329
522423237
522149025
522139951
522075026
521799972
521701636
521610424
521535965
521142734
521113854
521030115
520942726
520890471
520885132
520813878
520373150
520122544
519824075
519739457
519628098
519602378
519477994
519374837
519366254
519226351
519196530
519195926
519018039
518940178
518863657
518611706
518452572
518449171
518174110
518157416
517979563
517891617
517652030
517646629
517577570
517413039
517340748
517192395
517170452
517100207
517003472
516882353
516604321
516479959
516444149
516410566
515934218
515910157
515854140
515772847
515660855
515505756
515374217
515337417
515239942
515219241
515172079
515120537
514870604
514727013
514714682
514666725
514104120
514065516
514040969
513979274
513919324
513899016
513763556
513728627
513667266
513459836
513442318
513382576
513303873
513274670
513125308
513092947
512840659
512408215
512387301
512371835
512224455
512100943
512098393
511933144
511894575
511761776
511697650
511617823
511569925
511331464
511163700
511107637
510792394
510774062
510730061
510654116
510617496
510615012
510546897
510466165
510255965
510210380
510167918
509976616
509855539
509789889
509744896
509696167
509532634
509511677
509290652
509173708
509145119
509144860
509130771
509098546
509072795
508870391
508683965
508659811
508524500
508511772
508357722
508334751
508327293
508320523
508060174
507973615
507934420
507778757
507753618
507615659
507615320
507367679
507138759
506827873
506689540
506615721
506246963
506199579
506119031
505990514
505883856
505837884
505803364
505430695
505365787
505334608
505204537
505195001
505181571
505117639
504838326
504360581
504269230
504176792
504125796
503996043
503852826
503644545
503643203
503599313
503506163
503444725
503338658
503295919
503225665
503131609
503099220
502885313
502867151
502803991
502800234
502503987
502490533
502395384
502246985
502246344
502192898
502181176
501854357
501750498
501645506
501602504
501570017
501531918
501475999
501413080
501354390
501345260
501069712
500974895
500904994
500744203
500724032
500691512
500590963
500581394
500545645
500289415
500243047
500111285
500107781
500015981
499925221
499861124
499770912
499550256
499300375
499152881
499098992
499026994
498986291
498847009
498750173
498735723
498731450
498449874
498308122
498148762
498088922
497998612
497925089
497859433
497851883
497809334
497722343
497605776
497591858
497579266
497551908
497523700
497349029
497229810
496543838
496537149
496531709
496476447
496460278
496428548
496374590
496344646
496321663
496275757
496216152
496177222
496058315
495932371
495917927
495854034
495851067
495806703
495798262
495651442
495639610
495589912
495274033
495110834
495087843
494937300
494874708
494651149
494529562
494320664
494290709
494250706
494147515
494026619
493979116
493666640
493653580
493608883
493532660
493521638
493214937
493162046
493073162
493044121
492930276
492715444
492628550
492574172
492423543
491971127
491950351
491847843
491715658
491686808
491612598
491509268
491171921
490864064
490761343
490705399
490620112
490531071
490474529
490279695
490218716
490076413
490026649
490026452
490008441
489947576
489780249
489526271
489517365
489160729
489099873
489021757
488947411
488803050
488675275
488647964
488626169
488581960
488512100
488313801
488296577
488255020
488250064
488139040
488106553
487904491
487745179
487739067
487729110
487610736
487555278
487430435
487428019
487344842
487259055
487090380
486825133
486736104
486617414
486502655
486410965
486342794
486338130
486314723
486064006
485970358
485781154
485693731
485559687
485384702
485223697
485218372
485098518
484963973
484837164
484808478
484780910
484778300
484733915
484722067
484500440
484465958
484441937
484384196
484328131
484214470
484145652
484143184
484055897
484007955
483894859
483698309
483619236
483259459
483217485
483182915
482974184
482925592
482885460
482814585
482720698
482671260
482655289
482645400
482521885
482432374
482376956
482231863
482143724
482127168
482103566
482099477
481973507
481971664
481970984
481948987
481910044
481563288
481545681
481536351
481518174
481482854
481351737
481230995
481004270
480872777
480779199
480759938
480644974
480643692
480637696
480613903
480603822
480564229
480482878
480422569
480164535
480063577
480051261
479973754
479972475
479752659
479744421
479697606
479685385
479667576
479625307
479487289
479367584
479208182
479056109
478779652
478750731
478363239
478305115
477938994
477597219
477552487
477484622
477478263
477385122
477284357
477143122
477105296
476937946
476867090
476752537
476464762
476381452
476302537
476227024
475864013
475722108
475695241
475599043
475574984
475548145
475529111
475288051
474889863
474843766
474804059
474767510
474728884
474667582
474610890
474506742
474496117
474494240
474440765
474437690
474407366
474380481
474195529
474017288
473969973
473888244
473863667
473852076
473806650
473730415
473683892
473585049
473580684
473287717
473268824
473259937
473004520
472955949
472935878
472907611
472870066
472752358
472563248
472193150
472126349
471815045
471747673
471707614
471559279
471492375
471449349
471425329
471253275
471155086
471073893
470929763
470847088
470831420
470807989
470701721
470700161
470612318
470601261
470302828
470290228
470231353
470107066
470055287
469834981
469795972
469767810
469706594
469632470
469573596
469500498
469399856
469364871
469177818
469084336
469043570
468805511
468741058
468643798
468603281
468267594
468251107
468237600
468164357
468024988
467952923
467809517
467781027
467717175
467624429
467559344
467552610
467502238
467456523
467441432
467243584
467159463
467142669
467100420
466927687
466830778
466746472
466715271
466634492
466572548
466457455
466325766
466140096
465693325
465518016
465424561
465382706
465211867
465186156
465093980
464966274
464876234
464769582
464602196
464441006
464439170
464288131
464260250
464143314
464142254
463923165
463362829
463171549
463051005
463011312
462836645
462752180
462741146
462717579
462544743
462521371
462488129
462393292
462333558
462315108
462299614
462029332
462020799
461876973
461702901
461684601
461599002
461256579
461232436
461119231
460825535
460768965
460605455
460573934
460168441
460058930
459986639
459641792
459589575
459467614
459380498
459360134
459133557
459110900
459089640
459067400
459058947
459019096
458686745
458462838
458459513
458379855
458340172
458297280
458288058
457995490
457857958
457773215
457769567
457608586
457605540
457597221
457577772
457373747
457336294
457286747
457188582
457095433
456781241
456749759
456713807
456689058
456630448
456549156
456446584
456247164
455917966
455899492
455662756
455572255
455568271
455562011
455501088
455426889
455421650
455218672
455149192
454466713
453953867
453950341
453668104
453314651
453080972
453065129
453039169
453013711
452845314
452837833
452739669
452700233
452439615
452255218
451943439
451799347
451738232
451729711
451548116
451436723
451128245
450882680
450042013
449842112
449652749
449501165
449441589
449428066
449314895
449180509
449113882
449043177
449014669
448991265
448984286
448883908
448397222
448264733
448263915
448210054
447993374
447828954
447808228
447801273
447600961
447233779
446954730
446891454
446804022
446794112
446564258
446128335
446098610
446029502
445930643
445624073
445616321
445492319
445466443
445164456
445155234
445063389
444942803
444848236
444686234
444569133
444507140
444485888
444413515
444284031
444077375
443991408
443809069
443746023
443704199
443563603
443452792
443319459
443290440
443252957
443004504
442972738
442915084
442842401
442769467
442638648
442568157
442564267
442520367
442513845
442161128
442090983
442062088
442025494
441985002
441904824
441818857
441716986
441677483
441665728
441632459
441560618
441354150
441288684
441222243
440809819
440462299
440325305
440230068
440025310
440020617
439973065
439882112
439719519
439699097
439268760
439247022
439236402
439168025
439148477
439134450
438865563
438706905
438705677
438702464
438623799
438586757
438546121
438538046
438237945
438097043
438016371
437859532
437851621
437777687
437771687
437706655
437688076
437594030
437450064
437435064
437310316
437197342
437166216
437079543
437065208
436736305
436580922
436110458
435899675
435794772
435784638
435643938
435310080
435250788
435011687
434913791
434904177
434748042
434730267
434710676
434683358
434463610
434445295
434384495
434346991
434303712
434205682
434156342
434106146
434057294
433983694
433927023
433821755
433470341
433340586
433252641
433055505
432930733
432481690
432355290
432106293
431997544
431993812
431977712
431937838
431794387
431790618
431738241
431728233
431712905
431692761
431673449
431518407
431243121
431192341
431182475
431040126
430853608
430771070
430742285
430729570
430559963
430332468
430174255
429970420
429951271
429833934
429582542
429501945
429117515
429097297
429050968
428947178
428816234
428656645
428368075
428023490
427984731
427932780
427863268
427740333
427611654
427610093
427599784
427587966
427119342
427109649
426878087
426756223
426604987
426429044
426297864
426296519
426024741
426005212
426005208
425897632
425852582
425827954
425744286
425495078
425445647
425415240
425397954
425270531
425167603
425151609
425122991
424776928
424612660
424556176
424445306
424422051
424098306
424059795
424039975
423853860
423829831
423828399
423782971
423769222
423618127
423420499
423248385
423085366
422968244
422774442
422640743
422629238
422533439
422521686
422433502
422400746
421983122
421875381
421861654
421860304
421734292
421698910
421686949
421644407
421622443
421567077
421362527
421352130
421176980
421095092
421027906
420991126
420943896
420922373
420316005
419841778
419829644
419761197
419761109
419681391
419667968
419604182
419495269
419427507
419160088
418873758
418680272
418572352
418571754
418382217
417964152
417774817
417666582
417651646
417512899
417378840
417377371
417276487
417266672
417072422
417068981
417024445
416902143
416896825
416853285
416829212
416703485
416420693
416413150
416384054
416214524
416141660
416057285
415934256
415836054
415821588
415799444
415617123
415588078
415513429
415289973
415167203
414955586
414758577
414676344
414623072
414561378
414492325
414281315
414256496
414226757
414152467
413935181
413858290
413746538
413653378
413532463
413080194
413041711
413030126
412946319
412938259
412155468
412042964
411973835
411955315
411885978
411768376
411627172
411357212
411239762
411142729
411138632
411108436
411017504
410506469
410108426
409963371
409881749
409843365
409631256
409491983
409458181
409418807
409410687
409351427
409092870
408987319
408793145
408687491
408617793
408422050
408277264
408269536
408154684
408039722
407943943
407773028
407755134
407601080
407579173
407543663
406314451
406267501
406168802
406166109
405995913
405989459
405956584
405921639
405888061
405616839
405584235
405551639
405546418
405502479
405447764
405405040
405395706
405259910
405166715
405058023
405055318
405046906
404940917
404879948
404832918
404757448
404611799
404569164
404548773
404528182
404486131
404437259
404216440
404047322
403750471
403545470
403360392
403253915
403203097
403159359
403086527
402805379
402748086
402478832
402456606
402424379
402301179
402295259
402206309
402067338
402060707
401789050
401784721
401759550
401716981
401675053
401638481
401537277
401528833
401469200
401383873
401099422
400943958
400850757
400827437
400758987
400753062
400661048
400645103
400535838
400402005
400329807
400220738
400215092
399939424
399862927
399824274
399736104
399715933
399391513
399381427
399341454
399108287
399028446
399011355
398954894
398952060
398934366
398885297
398717807
398377888
397923532
397834993
397766973
397743363
397529539
397416965
397404534
397321273
397287934
397235276
396944417
396725086
396680221
396565861
396326559
396266631
396135192
396013558
395999463
395787922
395643533
395032233
394876781
394711110
394625092
394383909
394299090
394264691
394142035
394098152
394070115
394053693
393852771
393728591
393575752
393310854
393279938
392799744
392666907
392642822
392539687
392432389
392361382
392248771
391933135
391929903
391770213
391655327
391630446
391613479
391577174
391551161
391543201
391423583
391336274
391267269
391125253
390874673
390657572
390618572
390399499
390384164
390227657
390226049
389950601
389766115
389766053
389712624
389690913
389530836
389266690
389172926
389172195
389102266
389098054
388794581
388790117
388592425
388554510
388471404
388377946
388335516
388328136
388148013
388125535
388087740
388049821
387964490
387823083
387556467
387551200
387507097
387222018
387195237
387141696
387080767
386934344
386729486
386645489
386605580
386374234
386329603
386262879
386195011
386175792
386168957
386143811
385675529
385616532
385581850
385569453
385514640
385370568
385346181
385202492
385027421
384983738
384938021
384871168
384822161
384748859
384632885
384601819
384356268
384274851
383958642
383936497
383893022
383713196
383565203
383444248
383269153
383227097
383158706
382966530
382862436
382851622
382758678
382574994
382564279
382474068
382062306
381890174
381888209
381796866
381791291
381716326
381678162
381644240
381539715
381490992
381291265
381206676
381078565
381070432
381052483
380605697
380589827
380552340
380544806
380527149
380453076
380398281
380342309
380124093
380066993
380052518
379964446
379702014
379645699
379451453
379425874
379387391
379016756
378887654
378811649
378709459
378702984
378616389
378513213
378480708
378462224
378348449
378276001
378083139
378078605
378070107
377643082
377622753
377597314
377582299
377448728
377348148
377319683
377242478
377073435
377025684
376934843
376902892
376770583
376561574
376546869
376490472
376486778
376162995
375607466
375537206
375308258
375173854
375081816
375063295
374923053
374914735
374914462
374770211
374446574
374414475
374364387
374033399
373951928
373815386
373616200
373574753
373530716
373518637
373517961
373356848
373341785
373341249
373170872
373135821
373109389
372724018
372705410
372423807
372407963
372328343
372220636
372120184
372045872
371856097
371845589
371730469
371403873
371396721
371336648
371328847
371296774
371157680
370648576
370605565
370584505
370574329
370523079
370500546
370396451
370220018
370179716
370117825
369882437
369764122
369718641
369577891
369509944
369250470
369018191
368988539
368902409
368774943
368690210
368684273
368441630
368391833
368318310
368245040
368186339
368143112
367988335
367739283
367698085
367527935
367453118
367410121
367362357
367186829
367164742
367072180
367024739
366984389
366898576
366580985
366303394
366264650
366259599
366231200
366165532
366030532
366012128
365915376
365856344
365804270
365686761
365583585
365517714
365495163
365303076
365117594
365085993
365069589
364920398
364774927
364596425
364553630
364491081
364464184
364322704
364238527
364068025
364060915
363939226
363618167
363534649
363462248
363369801
363347731
363311861
363220957
363044892
363022214
363010948
362919330
362605981
362512933
362452882
362418697
362418022
362344556
362143320
362109292
361943087
361720321
361523357
361440002
361404633
361307669
361260713
361178570
361117335
360918260
360658650
360524350
360375027
360097168
360034332
359824438
359804798
359776776
359493876
359340194
359281652
359274005
359214654
359144567
359139069
359112099
359038979
358913400
358709827
358696446
358687558
358600023
358588897
358325226
358237418
358169258
358065143
357982124
357887324
357804164
357769727
357760243
357728714
357502977
357407714
357403294
357383066
357333842
357205739
357191037
357153952
357142680
357030057
356942109
356892501
356867154
356786308
356751380
356701976
356698818
356683178
356517940
356309932
356298922
356137691
356065671
355985298
355887697
355863629
355805007
355780343
355442436
355434770
355383418
355368685
355283712
355280318
355046623
355016300
354869856
354760390
354490786
354392737
354373841
354369979
354008146
353924143
353844706
353727294
353623150
353603976
352976664
352779376
352213601
352196413
352183753
352172557
352043002
352003946
352002127
351995643
351608844
351507470
351320762
351267234
351220920
351211626
351195103
351126748
351079412
351021620
350934952
350933112
350911121
349958355
349650818
349457319
348948922
348570337
348232610
348216968
348151966
348100074
348074005
348047341
347981711
347880351
347831896
347707317
347518046
347419415
347396226
347391176
347308136
347176736
347070082
346843801
346790563
346751963
346724793
346651619
346619013
346612972
346484999
346124223
346104086
346057516
345995076
345783387
345775667
345768790
345717446
345672402
345513236
345361632
345352092
345113588
345048914
344989077
344746201
344734212
344575839
344574075
344278732
344271770
344199368
344192350
344026161
343595285
343492500
343471010
343183551
343060164
343029352
342988011
342960910
342848264
342646968
342584987
342528532
342375312
342342940
342283707
342236150
342037632
342008101
341738497
341712596
341433624
341379281
341323962
341311882
341285637
341177895
341126717
341119717
341031983
340521515
340323823
340250145
340012020
339898143
339769863
339751442
339746634
339662296
339375246
339306004
339018754
338995143
338715765
338675651
338540605
338450537
338421368
338416332
338229286
338106749
338054061
338046029
337700492
337533590
337524248
337470233
337421794
337390186
337383083
337375714
337292006
337109780
337100971
337086878
336984835
336883732
336774974
336725726
336646000
336636036
336634047
336574264
336256051
336087790
336069476
335964098
335952703
335778964
335550015
335202398
334809900
334684407
334672363
334659241
334500519
334488099
334463067
334376870
334346413
334283485
334146076
334134365
334123830
334082682
333910854
333821422
333593492
333579280
333554736
333448130
333339740
333330897
333189351
333108130
333052108
332936303
332777651
332733820
332576225
332507207
332481148
332472064
332450714
331962040
331760379
331503033
331357630
331255343
331188511
331187117
331051950
330913254
330799435
330586913
330541610
330479835
330415232
330392638
330341148
330259073
329917886
329894950
329819373
329788150
329575989
328962590
328923253
328854800
328712204
328585356
328485462
328450063
328360559
328237284
328206935
328181235
328108344
327957511
327833701
327720186
327664805
327497950
327430684
327421729
327342195
327302544
327097705
327072822
326960906
326885467
326854921
326760188
326683318
326557541
326551593
326387980
326018713
325940203
325810798
325773281
325618571
325546481
325432196
325385666
325351788
325342165
325243891
324943360
324807174
323831810
323772925
323653689
323599726
323507578
323494662
323442749
323320874
323025797
322966852
322932240
322901588
322850958
322744735
322531573
322520204
322520119
322419593
322338846
322246760
322098324
322002387
321923748
321907460
321803643
321781161
321628185
321476324
321464228
321460294
321346660
321010124
320814820
320736730
320730461
320590893
320470805
320465288
320448483
320194873
320141379
320032953
319832244
319730850
319671004
319643844
319629128
319560980
319384189
319226245
319221627
318832215
318795451
318745358
318698386
318634387
318547239
318546635
318514780
318511652
318389248
318345793
318304727
318137703
318032466
317804541
317713405
317691810
317646327
317440421
317402030
317240292
317193109
317186491
317042347
316835343
316570268
316559860
316516167
316280491
316019525
315869636
315502751
315256775
315236764
315150547
315140052
315096414
314861966
314610721
314478513
314468628
314462903
314268753
314180912
314134255
314028545
314014175
313999723
313576955
313516001
313482163
313338873
313152103
313141571
313130961
312961138
312760277
312685711
312574894
312413513
312330921
312069653
311863554
311764206
311677086
311634958
311391774
311299312
311264158
310980541
310783247
310688848
310633516
310420262
310384031
310125886
310122105
309711234
309588249
309530216
309504942
309463157
309453826
309317447
309276971
309096825
309012579
308938987
308759308
308705110
308678797
308678741
308606120
308552809
308517377
308405352
308400608
308399979
308336945
308224493
308176607
308086076
307971436
307966889
307913692
307899367
307890652
307806394
307791535
307759233
307727959
307539711
307430394
307404241
307306726
307266328
307220523
307199203
307145295
307108266
307100193
306988321
306703595
306572730
306482298
306406379
306340071
306057985
306031459
305949633
305944488
305835215
305821715
305795730
305677453
305606939
305588966
305552764
305346170
305290244
305197588
304633637
304269471
304062876
304055866
303978542
303940986
303851103
303788595
303681814
303668901
303605116
303535922
303489423
303471885
303401806
303305697
303211211
303208560
303191948
303087327
303060326
303012466
303001231
302749364
302687420
302675714
302605655
302468165
302291054
302114716
302102233
302073069
302056792
301637358
301075117
301023653
301004805
300895772
300813503
300724918
300644192
300471964
300302278
300040202
300001722
299952926
299773318
299738932
299693330
299642980
299407191
299354747
299135087
298937905
298934468
298496279
298376552
298249686
298247405
298192574
298171503
298025973
297976647
297958030
297878701
297833298
297811335
297759066
297506508
297433616
297250858
296912566
296894786
296612157
296604801
296531942
296487714
296435209
296242194
296149976
295788288
295580505
295454193
295345584
295246829
295227689
295032928
294985676
294927558
294706292
294550959
294529841
294383089
294296069
294243474
294087550
294069643
294012209
293988352
293971724
293548867
293097976
293088957
292985272
292780229
292751021
292717966
292396979
292383641
292344125
292313232
292023382
291713439
291693422
291684236
291655298
291529098
291379935
291143104
291098501
291082880
291027794
290393882
289996292
289955047
289718354
289627702
289430965
289320685
289275650
289226140
289187350
289111657
289077769
289067001
289014659
288918497
288911576
288882845
288804428
288710772
288577661
288534253
288449532
288114109
287988309
287900655
287781839
287740103
287686418
287397818
287359027
287205824
287147036
286987694
286825208
286759208
286696541
286671127
286333438
285860433
285586765
285265199
284804042
284476875
284413409
284380460
284337246
284289378
284243150
284174525
283887588
283863567
283846528
283787759
283687132
283604481
283484305
283362543
283279066
283230258
283203984
283091504
282778216
282776405
282707958
282589424
282425620
282331939
282187198
281698258
281673822
281662571
281654225
281566936
281392066
281360606
281329209
281299342
281085833
281076392
280982844
280828844
280805807
280631439
280577787
280498787
280465239
280257463
280231581
280194978
280141562
279804322
279665269
279487810
279463346
279336813
279317032
279234498
278927438
278621239
278451636
278342084
278271613
278102970
277881939
277830771
277536146
277483003
277368192
277368174
277346609
277343365
277164427
277078671
277046224
277032723
276957455
276922678
276498826
276475481
276375014
276356523
276273600
276112070
275791976
275683451
275577258
275002482
274732185
274633082
274489076
274321143
274015601
273961269
273911063
273877373
273700652
273602527
273335005
273312988
273239863
273130013
273014085
272985577
272980039
272810113
272687344
272681979
272613601
272470391
272462255
272372554
272362401
272330412
271969354
271806436
271724798
271467338
271463573
271450871
271442270
271429345
271388911
271269701
271183230
271158173
270994320
270680551
270473397
270351334
270290665
270244435
270187602
270069934
269900293
269747785
269438463
269323395
269306883
269149804
269086215
269037933
268953726
268838931
268836575
268687928
268205225
267939260
267855199
267841587
267543156
267490475
267358909
267144812
267119074
267054448
266918921
266902346
266722850
266565471
266542057
266536764
266462346
266461953
266436351
266402985
266386534
266202361
266121171
265950617
265898197
265891809
265673213
265622206
265574564
265465699
265339300
265332066
265008529
264870536
264773350
264278725
264272650
264108629
264057101
263982435
263713281
263639815
263637321
263514032
263406756
263207354
263084648
263050215
263009670
262953412
262929544
262926484
262900211
262426054
262319087
262091775
262072806
262060811
261873588
261444185
261442267
261420105
261266202
261262188
261004930
260900372
260800321
260709888
260364907
260312524
260269322
260230035
260208432
260187476
260117649
259789443
259712155
259705709
259476522
259373254
259334923
259155296
258937546
258870854
258603004
258476561
258364977
258346424
258204566
257927974
257829516
257666453
257651299
257411898
257265604
257216195
256925955
256846426
256768915
256449934
256444829
256266620
256264797
256234587
255877546
255653069
255621121
255568451
255342811
255293533
255277558
255146078
255117270
254794952
254586043
254566138
254476900
254461432
254306757
254282191
253739605
253675404
253585268
253538620
253305577
253277127
253195790
252844988
252797925
252484923
252400198
252236768
252029199
251967068
251964307
251961703
251904702
251780804
251779909
251490809
251404913
251217090
250912585
250691159
250630247
250629747
250448191
250279097
250138248
250031333
249830058
249711284
249420017
249402393
249335231
249253756
249180870
249164003
249150856
249032060
248953131
248703480
248465556
248432515
248331248
248251612
248232031
248143521
247975370
247955982
247846700
247280630
246953031
246901488
246897826
246541009
246510144
246495092
246460709
246406948
246281420
246276919
246233541
246226692
246153559
246107224
246088377
246045729
245920721
245860813
245860734
245638072
245490927
245430750
245406007
245358258
245327717
245324764
245036839
244921808
244913045
244873459
244751173
244639184
244606877
244551104
244514583
244493373
244165274
243784267
243731987
243528802
243311643
243257223
243132284
242984847
242854319
242706267
242665250
242259979
242167153
242033421
241513943
241369922
241339331
241255076
241127378
240983325
240929345
240840200
240604787
240566222
240496134
240288578
240248542
240203162
239965110
239793283
239687609
239665063
239650924
239567577
239364580
239326768
239322756
239018760
238917418
238675957
238456344
238380434
238109875
237958407
237939007
237936012
237928406
237926569
237913130
237799487
237777152
237745025
237591757
237489961
237393381
237169309
237007857
236817873
236797479
236732009
236265038
236204038
235923184
235753114
235733990
235523372
235445911
235421402
235363506
235300228
235197318
235118142
234729162
234613394
234573735
234485977
234212125
234207142
234140819
234102613
234020619
233891770
233877010
233850027
233843449
233841893
233587810
233422482
233378462
233192894
233027016
232911936
232658058
232425844
232410773
232372262
231992345
231942208
231840774
231774143
231744809
231650986
231557368
231452390
231225023
231218399
230855527
230740237
230575330
230381656
230158044
230125128
230005596
229945849
229850162
229788265
229592168
229038718
228766762
228666541
228624588
228537991
228524332
228458806
228420189
228404346
228354427
228333505
228332419
228076049
228055693
227958631
227602558
227534343
227519813
227361840
227339884
227324731
227261045
227126611
227104459
226945145
226731335
226682770
226178171
226022084
225922662
225808863
225553659
225237121
225188226
225153871
225134684
225116827
225020366
225002411
224768128
224663048
224629143
224533618
224300320
224298145
224279748
224157264
224074988
224015868
223902481
223819185
223815483
223669838
223628303
223460910
223458549
223450086
223364887
223348557
223345108
223115249
223111766
223083424
223053630
223003411
222940092
222809267
222676829
222452760
222445029
222358505
222311136
222289788
222016825
222014498
221840791
221722092
221676203
221616062
221460395
221192034
221155589
221038444
220722620
220574266
220530932
220413067
220380926
220116624
220086301
219797659
219783558
219768340
219418967
219414372
219382673
219367034
219136192
219131454
218892638
218872152
218866269
218739090
218680487
218543543
218489222
218447622
218322836
218196894
218039450
217962244
217858575
217852955
217839708
217710437
217705875
217557343
217384616
217111000
217089925
217017220
216950536
216846540
216839027
216764506
216689780
216473445
216354518
216344727
216277246
216052410
215845605
215654630
215524155
215408859
215390468
215168461
215007360
214781874
214768771
214532505
214521720
214408147
214313504
214231284
213972873
213558789
213537723
213419398
213229414
213166443
213143541
212976791
212918157
212826601
212742400
212423214
212175984
212123982
212021928
211962665
211941709
211874809
211726088
211718704
211634499
211572758
211478078
211329035
211316992
211157186
210864305
210707669
210648986
210626448
210510708
210429200
210080512
209827609
209808128
209706651
209584555
209333372
209315242
209257245
209213063
209159870
209081150
209029655
208944456
208847205
208740827
208594443
208454393
208333326
208295720
208218477
208187801
208169555
208084470
208041309
208038967
207842471
207633528
207581949
207575301
207555397
207409753
207364186
207326053
207289981
207281260
207263620
207203949
207110491
206897515
206856359
206803477
206760341
206660872
206620131
206446086
206250165
206125858
205874229
205756563
205605100
205519876
205376950
205296910
205281373
205235904
205031780
205026388
205020318
205001560
204995130
204977160
204884452
204839552
204718481
204669360
204263126
204200430
204187653
204125042
204114581
204025239
203907338
203887719
203841841
203720692
203675210
203613305
203541809
203269869
203250921
203184629
202662546
202644982
202485755
202485506
202463175
202418109
202379477
202333445
202207713
202184350
202151462
202063529
202047742
201784217
201698009
201520293
201365158
201059837
200852477
200838210
200793678
200573801
200555015
200471688
200349601
200220462
200137808
199956112
199629281
199608057
199529116
199495869
199494911
199089788
199074113
198928018
198840505
198654708
198425275
198410191
198338881
198296273
198267953
198151630
198089511
197960433
197944164
197739349
197639146
197623906
197320933
197213874
197191443
196967389
196903821
196901809
196653508
196523735
196207262
196044566
196007985
195926190
195864881
195627502
195485317
195234915
195053224
195051531
195050005
194779002
194529691
194497550
194390333
194269945
194241054
194036788
194002811
193696863
193676191
193655826
193602856
193248417
193116558
193007455
192999234
192932164
192842838
192812191
192759992
192734901
192677896
192598832
192493805
192415038
192400905
192399761
192393346
192300083
192268094
192170061
191978489
191497703
191398065
191367371
191331783
191194804
191163551
191104353
191064549
191000774
190862850
190740260
190691408
190535343
190287739
190128313
190050732
189997607
189993350
189949196
189537162
189479884
189369661
188828764
188519491
188420733
188340317
188257073
188172139
188115784
187999189
187884810
187742364
187601654
187501778
186748935
186596401
186535607
186520453
186384086
186377961
186284104
186253839
186134861
186059790
185939368
185936894
185768783
185574584
185350649
185301700
185286130
185150599
185076165
185011504
184995736
184735505
184729825
184603664
184602824
184562731
184519984
184428208
184387888
184384226
184361974
184034340
183928750
183742615
183376990
183348904
183318125
183074896
183033156
182997762
182927364
182889601
182578408
182079133
181979200
181838196
181808040
181642002
181566924
181525659
181387739
181225865
181070135
181016385
180984807
180874067
180756034
180204054
180080047
179964813
179951809
179934387
179906273
179754807
179726978
179664469
179546412
179347493
179171223
179101215
179042167
178814472
178731767
178660512
178617837
178603626
178494684
178433731
178400514
178344576
178325788
178318380
178314853
178305410
178223124
178215125
178147618
177768055
177759427
177757168
177598994
177576878
177441264
177373904
176941032
176938828
176904071
176768163
176651841
176622250
176566316
176499694
176198305
176023027
175751448
175703469
175555216
175538797
175330407
175325957
175321728
175263518
175225077
175120001
175115507
174871852
174804065
174785512
174440453
174304812
174229971
174150706
174018213
173993048
173809290
173729513
173390708
173269173
173210478
173199460
173184226
173113552
173036238
172966942
172957034
172809272
172615508
172451610
172384133
172141597
172059871
171997199
171926364
171861329
171582479
171535113
171521816
171516765
171504392
171465530
171225173
170524721
170507614
170443479
170363140
169890804
169883851
169835614
169598821
169475623
169471743
169427571
169150937
169084780
168946998
168811683
168715934
168672424
168608785
168448020
168347224
168337617
168304415
168047069
167978693
167868690
167866666
167857373
167648464
167639232
167337057
167300711
167015920
166944029
166902073
166708082
166675487
166630900
166130181
165991322
165971168
165778608
165733710
165675981
165663416
165435711
165373131
165227796
164773997
164632778
164628985
164582763
164581137
164410831
164358198
164160077
164152711
164088364
164011336
163926767
163917244
163840746
163813013
163779690
163762997
163737706
163297674
163281016
163175337
163160057
163031399
162935604
162932730
162906272
162479810
162429305
162009727
161960555
161928215
161713973
161476044
161459758
161419304
161346680
161309646
161100949
161084367
160923665
160922447
160671085
160577474
160513321
160381164
160347857
160346341
160298808
160280846
160245052
160081362
160035742
159825159
159712139
159529042
159307058
159293739
159204234
159129959
158827726
158757515
158738770
158652309
158575581
158475769
158171893
158073906
157938893
157732026
157677966
157616976
157585262
157383445
157204228
157096165
156978835
156966904
156750775
156736479
156631257
156610615
156598135
156565192
156529177
156515004
156478257
156326140
156292944
156292249
156266997
156127226
155941281
155939643
155810513
155726386
155553231
155529565
155495925
155381433
155093857
155080235
154834625
154830758
154661985
154499819
154308080
154191430
154177984
153917826
153778952
153726659
153372686
153360025
153154410
153112637
153111423
153092974
152981100
152971621
152938883
152853776
152479227
152454595
152382035
152243087
152218441
152188178
152025456
151734411
151646081
151565928
151320461
151088248
150985539
150538171
150178490
150164731
150139833
150108236
150020578
149993431
149855302
149843808
149832200
149790507
149672956
149499520
149484317
149376276
149274364
149110134
149035477
148776035
148750033
148700409
148599259
148351811
148218520
148207107
148114394
148010904
147921401
147673128
147649977
147595761
147550185
147368910
147262616
147146909
146791876
146577514
146490592
146358877
146283100
146238401
146228494
146219439
146146324
145999848
145966589
145923469
145890731
145737814
145701969
145663818
145648287
145506256
145471942
145348086
145335847
145166492
144969706
144759980
144720529
144693925
144551802
144544626
144482990
144328293
144283770
144282449
144104474
144021247
143975217
143727512
143673306
143600946
143479645
142737193
142700290
142669606
142604416
142430614
142392089
142033320
142021845
141937389
141832794
141579426
141550948
141541812
141305648
141270448
141183076
141031577
140968350
140870903
140760067
140686528
140565752
140363059
140308335
140108139
140051806
140013069
139956702
139947107
139787916
139748082
139651943
139522988
139343532
139132041
139122626
139041710
138749642
138723873
138491476
138422517
138395503
138261117
138050625
137647274
137566785
137470644
137391764
137226588
137025445
136883062
136776353
136710100
136707704
136607604
136532644
136296115
136239047
136113279
136048828
135726002
135713005
135710216
135623538
135441460
135335956
135328498
135194229
135022493
135003391
134927343
134720573
134626583
134568091
134481353
134450051
134366366
134048867
134025709
133992923
133789906
133443907
133312679
133281153
133270192
133251997
133235285
133088064
133079360
133059986
132979210
132907521
132888172
132862573
132850496
132631857
132500523
132499675
132484720
132384680
132244807
132098800
132009888
131970720
131804264
131744357
131580061
131547103
131518440
131507710
131205742
131142585
130978141
130946892
130884175
130875908
130867316
130794335
130716173
130666932
130550563
130547878
130545431
130539786
130378392
130363448
130363228
130250061
130224225
129877415
129525315
129301745
129220118
129097575
129002292
128950273
128912381
128859467
128768133
128719093
128663941
128629545
128620256
128566957
128348513
128250311
127768231
127614759
127510468
127392078
127313378
127242061
127238268
127199199
127017045
126982146
126947457
126834402
126819252
126717291
126388318
126326126
126322401
126320980
126282926
126168927
125973138
125583015
125417121
125385008
125353884
125285434
125236351
125036078
124965088
124899190
124312544
124262731
124140322
123905971
123873203
123866833
123824263
123823302
123683326
123626549
123424191
123244470
123206709
123173478
122820333
122660381
122655866
122510396
122358331
122326609
122214118
122013171
121994733
121932697
121829287
121783643
121722771
121721528
121559605
121141356
121074047
120978479
120970870
120940275
120899725
120835589
120730505
120528587
120463409
120343303
120220228
120169607
120153192
120118094
120019636
119892847
119844186
119680635
119622869
118950564
118879668
118847752
118830708
118717956
118663293
118651561
118378419
118370969
118306684
118289912
118286751
118274798
118128414
118110948
118110687
117958204
117877755
117842734
117828411
117708630
117663018
117655536
117607331
117319000
117085370
116948208
116701400
116515748
116356918
116353031
116017946
115367538
115317879
115314409
114952170
114949901
114851632
114723694
114559500
114444026
114376351
114216166
113900537
113899199
113853812
113632112
113351117
113209201
113060596
112897788
112895467
112787607
112636453
112585518
112492933
112457178
112416267
112349343
112314496
112119147
112071489
111934891
111791993
111742459
111517690
111428448
111418724
111412332
111139223
111137531
111122179
111075023
110960841
110770993
110687634
110684212
110420978
110347875
110246121
110209409
110186088
109902287
109801189
109760435
109404055
109368545
109281357
109142559
109023533
108985011
108914440
108725004
108602404
108248137
108233907
108150568
108084018
107984742
107906695
107783141
107730166
107715714
107440456
107276013
107261784
107227525
107193888
107159300
107115117
106971395
106897881
106637988
106585597
106320100
106295160
106201114
106143153
106040648
105897143
105795117
105599224
105588987
105577444
105569211
105022742
105019994
104988254
104929084
104693555
104461709
104424640
104423773
104422402
104250815
104196506
103666132
103607585
103424705
103378427
103181074
103172891
102886688
102861478
102849574
102466597
102408369
102228314
102167418
102049486
102033862
101861196
101635473
101595646
101431278
101363431
101289405
101245775
100933320
100805072
100496679
100472868
100429755
100355736
100278197
100267187
100192356
100189019
100181254
100045543
100027001
99978533
99828075
99780404
99473392
99293430
99030431
98982470
98947753
98933798
98837650
98693393
98616403
98333021
98330604
98289555
98218376
98195736
98164126
98111449
98017705
97916554
97875744
97799193
97784679
97736033
97508006
97469595
97442167
97402102
97356923
97201374
97157106
97137837
97083298
96946896
96665537
96550866
96320910
95606471
95287259
95172939
94999538
94763983
94656330
94653796
94632769
94607860
94521596
94484435
94484294
94405258
94346153
94284604
94250011
94100563
94014076
93915828
93774296
93580049
93571533
93373359
93133793
93008721
92943229
92814299
92766694
92689278
92571516
92556388
92450276
92379480
92377915
92374603
92370529
92271318
92247526
92196400
92124906
92082574
91970340
91936010
91754280
91724870
91667296
91542944
91540758
91466466
91421731
91417764
91350024
91101721
90994525
90941254
90880312
90873725
90820299
90689146
90523354
90331196
90083771
90083500
89891449
89777906
89756783
89751106
89747817
89642090
89557485
89089855
88970817
88900478
88825720
88665191
88655314
88604922
88526102
88438441
88420993
88249565
87848796
87847678
87825399
87722611
87704516
87609530
87559753
87470490
87354227
87128687
87016543
86983989
86965904
86950843
86942539
86869766
86863416
86750036
86572412
86445457
86444863
86439344
86270618
86253918
86137263
86099315
85880252
85762500
85666082
85613011
85600436
85421232
85389929
85229804
85206677
85157343
84830479
84817173
84741567
84658978
84600541
84574880
84544040
84373680
84359453
84320919
84124600
83976646
83840209
83837404
83774541
83692418
83685979
83606988
83519366
83343660
83273129
83270421
83248802
82833740
82624938
82379705
82371823
82079640
82001609
81883740
81800400
81784054
81647717
81534742
81456310
81134058
81078669
81046978
80975640
80835294
80513843
80340756
80298990
80232504
80164260
80105993
80037903
79896456
79883265
79735640
79700017
79698601
79513133
79505289
79463136
79404484
79396948
79388139
79238371
79129331
79053262
79043006
78824700
78797320
78792977
78761708
78744447
78641393
78640625
78593634
78535520
78359391
78270900
78115968
78076999
77912224
77791661
77729558
77707390
77647319
77539403
77268912
77128905
77002919
76985657
76970261
76909637
76816111
76671697
76583628
76518429
76099115
75845228
75528674
75434296
75271186
75116802
75109037
75095520
75033261
74994346
74990348
74898745
74838627
74824761
74801725
74760866
74525864
74325947
74126754
74108248
74084935
74074741
74005218
73967284
73903784
73757695
73614144
73221936
73050353
72999622
72867926
72853287
72745966
72731956
72668212
72461127
72232790
72196466
72153221
72056556
71958864
71861250
71808904
71742774
71503551
71461711
71421857
71357904
71133342
71093166
70859400
70840073
70744664
70613141
70608721
70597197
70462057
70411255
70350669
70282352
70158132
70075864
70013105
69929271
69892086
69728423
69727237
69476533
69441875
69431853
69347476
69067267
68984624
68785759
68752642
68294823
68017139
67968496
67926354
67812100
67601826
67306225
67227901
67206878
66957355
66901350
66885941
66840170
66771869
66701330
66508565
66110194
66079709
65972097
65802211
65776093
65333265
65323143
65302928
64994907
64967080
64880246
64793560
64257151
64194373
64095638
64062114
63782288
63667025
63526958
63513449
63490086
63444307
63342791
63326314
62919671
62600281
62592462
62489194
62420108
62127252
62113456
62011300
61827378
61799811
61600178
61542313
61255172
61075072
60804626
60792483
60722549
60528458
60466733
60432960
60324203
60315247
60037246
60013647
60011684
59960213
59955779
59875825
59802798
59801543
59750515
59720575
59703574
59691635
59628459
59602197
59517081
59395740
59347310
59055585
58914664
58841366
58833863
58582618
58304248
58183081
58075958
57938710
57924808
57895521
57838887
57725170
57714104
57649298
57591689
57433887
57294910
57172199
57068179
56921459
56842979
56793550
56769270
56692355
56669913
56482418
56477260
56405662
56344836
56288236
56283653
56219708
56164628
56157007
55847781
55838147
55757052
55460829
55413058
55350673
55262042
55224248
55196270
55152917
55099613
55094472
54824210
54683052
54594461
54554855
54495205
54397874
54397852
54397570
54165589
54080463
53956010
53914114
53884177
53649160
53647867
53621887
53300171
53200581
52943366
52942662
52835236
52796853
52786957
52550327
52494754
52468547
52436623
52216151
52200418
52126656
52032772
51970716
51938613
51873282
51790452
51768808
51639458
51598186
51519522
51336989
51333537
51298607
51167160
50904131
50749213
50730532
50652763
50433121
50426325
50347985
50247323
50118255
50037742
49982142
49877379
49798114
49672069
49616467
49553117
49471883
49334407
49219353
49075835
48849656
48676206
48225113
48128839
48104826
48022872
47991036
47971597
47675957
47544591
47440820
47000346
46915962
46843055
46829502
46773108
46641145
46626017
46397747
46181628
46169724
46139446
46063672
45983175
45972392
45791723
45724164
45552467
45256721
45135319
45124315
45083269
45042651
45022185
44937100
44830895
44809262
44764553
44754587
44732341
44375208
44280109
44255768
44210798
44121231
44075873
44074476
43924408
43480076
43426323
43278434
43151917
43084819
42927617
42800129
42431502
42177238
42158953
42149661
42066551
41796192
41784345
41773668
41644918
41466159
41365543
41286051
41258600
40962759
40906432
40905147
40764169
40610038
40196513
40149064
40004158
39817662
39759917
39414516
39406402
39268820
39260630
39257680
39128666
39117793
39092039
38908815
38276088
38051109
37993373
37632769
37558307
37294176
37267599
37102515
37082288
36938030
36851535
36847819
36812107
36513576
36194224
36185913
36107995
36017449
35940479
35904794
35867420
35699865
35604646
35590229
35209818
34999945
34943593
34915195
34914326
34900413
34819235
34803753
34777997
34699614
34661134
34643189
34469368
34391723
34366540
34271775
34086210
34019362
34004168
33778107
33740569
33593864
33580827
33514661
33511625
33456760
33414053
33396315
33322563
33280110
33202538
33046593
32994309
32990835
32920254
32803276
32711219
32694201
32657303
32580420
32556814
32534257
32528363
32345606
32304167
32168407
32098801
31966657
31936012
31816217
31507441
31487993
31472389
31406459
31045417
30850788
30823127
30706881
30697229
30643628
30551324
30491700
30412409
30318915
30110775
30062644
29935224
29901106
29810962
29730022
29635196
29538298
29085567
28786927
28780286
28553228
28474464
28462854
28437725
28249468
28152150
28130669
27878750
27808972
27490363
27459424
27429753
27321838
27286394
27227712
27125445
27092379
27058255
27009947
26850999
26803412
26567177
26539880
26240456
26095856
26081637
26061274
26019176
25923252
25890905
25868254
25857605
25812103
25770837
25728272
25477551
25308949
25225385
25221068
25149092
25074747
24892809
24812255
24799803
24726353
24684475
24624333
24556415
24412688
24339730
24067564
24021608
24015920
23971444
23924599
23734384
23479438
23459750
23410061
23331294
23268817
23221732
22929384
22804509
22598696
22497079
22486167
22208328
22165520
22114289
21841125
21719503
21679695
21595658
21409546
21243593
21204834
20951542
20920789
20779863
20753114
20545170
20519119
20290084
19849494
19599538
19438762
19386218
19366890
19054201
18845275
18708388
18625929
18407845
18402198
18334752
18082110
17822090
17783179
17176920
16939355
16912731
16907429
16823055
16795634
16792204
16773946
16753423
16591782
16585737
16542176
16506059
16436248
16379911
16377726
16245459
16197067
16184979
16135518
16084097
15827712
15783448
15714928
15603985
15307220
15250721
15120695
14996047
14908904
14683500
14643868
14285050
14259586
14224435
14204514
14136685
14066472
14036273
14036133
13586892
13431398
13275161
13223348
13190260
12807714
12790163
12723745
12644176
12587556
12574070
12220478
12144438
12096355
11943342
11874099
11821588
11776642
11732276
11688234
11681918
11478887
11098554
11086617
10817742
10780941
10675354
10484951
10279333
10159330
10026966
9961767
9955239
9937030
9835032
9629107
9490136
9351739
9170091
8944875
8930417
8902830
8892048
8704464
8639409
8237223
8150624
8070569
8051786
7939359
7800738
7778048
7711064
7696746
7689407
7659517
7652729
7545432
7517533
7418237
7098224
6945745
6879415
6699346
6671896
6367229
6228778
6216659
6206541
6125066
6108858
5888373
5782686
5739049
5690741
5683729
5574374
5400636
5304881
5142639
5109067
4859302
4798484
4730024
4719504
4666890
4655114
4588737
4554950
4412052
4382050
4210577
4147909
4146326
3913908
3695364
3683168
3550040
3547732
3523349
3396597
3217933
3183728
2553365
2513472
2227963
2122545
2039551
2037332
2033640
1976920
1666558
1315926
1185599
1078586
1038010
971789
963957
848879
699842
666928
652292
567727
516119
461070
431058
418428
398298
381631
232285
112879
79396
49935